 Modelo Utilizado: Random Forest
R²: 0.74199766252439
MSE: 0.8943025838788909
RMSE: 0.9456757287140719
MAE: 0.457215902816644
